image: /home/yth/ROS/car_ws/src/nav/map/四川轻化工大学B75楼地图.pgm
resolution: 0.050000
origin: [-50.000000, -62.800000, 0.000000]
negate: 0
occupied_thresh: 0.65
free_thresh: 0.196

