image: /home/yth/ROS/car_ws/src/nav/map/四川轻化工大学B7_5楼地图.pgm
resolution: 0.050000
origin: [0.000000, 0.000000, 0.000000]
# origin: [-49.000000, -13.000000, 0.000000]
negate: 0
occupied_thresh: 0.65
free_thresh: 0.196

